SVM Model 1 (init_w = 0) Accuracy:	 0.7574819401444789
SVM Model 2 (init_w = random) Accuracy:	 0.7585139318885449

SVM1 Weights:
 [-1.25576343e-01 -2.18611046e-02  5.03751804e-03  1.28314926e-02
  1.55967419e-02 -4.71981243e-03  2.53763309e-02  1.38789149e-02
 -4.87505647e-03  2.06295613e-02 -5.66724498e-02  1.02778454e-02
 -4.69766886e-02  2.91850103e-03  7.52371771e-03  4.43039399e-02
  5.95909508e-02 -2.75412768e-03  9.12806285e-02 -2.19502146e-02
  1.85183063e-03  1.17153527e-02  1.29406529e-02 -5.84523753e-03
  1.94861398e-02  2.76182653e-02 -1.19097275e-02  3.75428074e-02
  5.92149490e-01  7.61791419e-01  2.20198428e-02 -3.22881348e-01
 -3.52901473e-01  5.27410694e-01  5.62596952e-02 -1.32802085e-01
 -8.58300000e-02 -1.25115858e+00 -1.30810550e+00 -8.91635376e-01
  2.94712060e-03  1.09182921e-01 -5.65553899e-02 -5.34650444e-02
  1.88384244e-01  5.68935724e-03 -1.13043258e-02 -2.50972783e-03
  2.84633303e-02  6.19698366e-03 -1.37319621e-02  4.91716668e-02
 -2.29218492e-02  2.69535832e-01  6.73973626e-02 -1.12729396e-01
  2.21205709e-01  4.78598915e-02 -7.27368383e-02  1.40897007e-01
 -2.97431160e-04  8.08111682e-03  5.79917983e-02  2.13577768e-01
 -4.94323277e-01  1.00060772e+00  2.13875199e-01 -5.02404394e-01
  9.42615921e-01  2.09118834e-02  4.54441152e-02  2.21683710e-01
  3.78150512e-02  3.34550489e-03  7.73199409e-02  1.05215442e-02
 -3.66298458e-02  1.34251470e-01 -4.31874487e-01  4.09804739e-01
 -2.94473489e-01 -1.33598690e-01 -8.49941874e-02 -1.84769451e-01
  2.67122095e-01 -1.47274902e-01  1.88976163e-01  6.08090194e-01
 -6.41853398e-01  7.57832546e-01 -4.71733534e-01 -2.88778720e-01
  1.35727161e+00  1.91159354e-01  2.95785650e-01]

SVM2 Weights:
 [-1.26012980e-01 -2.18288917e-02  4.90723919e-03  1.24307931e-02
  1.50991452e-02 -4.80255385e-03  2.43373143e-02  1.33593913e-02
 -4.93725083e-03  1.97753519e-02 -5.55176786e-02  1.06039462e-02
 -4.51011243e-02  1.96623474e-03  7.40144732e-03  4.04763659e-02
  5.74839134e-02 -3.20249888e-03  8.55774902e-02 -2.20301518e-02
  1.90472387e-03  1.12914302e-02  1.22331219e-02 -5.75775606e-03
  1.87319911e-02  2.61627543e-02 -1.17731037e-02  3.58761095e-02
  5.73568625e-01  7.82991581e-01  1.80883579e-02 -3.31358129e-01
 -3.83323506e-01  5.04932932e-01  6.14079926e-02 -1.34878338e-01
 -7.02064644e-02 -1.23608734e+00 -1.32418335e+00 -8.89807617e-01
  1.37697377e-04  1.07992593e-01 -6.44364943e-02 -5.72749263e-02
  1.85429502e-01 -2.25744735e-03 -1.13849941e-02 -2.47553478e-03
  2.74602219e-02  5.72083509e-03 -1.40609668e-02  4.84779493e-02
 -2.37589335e-02  2.59771615e-01  6.74049463e-02 -1.12725147e-01
  2.16821239e-01  4.76152191e-02 -7.31435256e-02  1.36492683e-01
  9.94161532e-04  8.68934656e-03  5.09542489e-02  2.12057758e-01
 -4.90380924e-01  9.94083609e-01  2.11063596e-01 -4.99070271e-01
  9.43129360e-01  1.91985870e-02  4.41340486e-02  2.13616976e-01
  3.75114550e-02  3.02563945e-03  7.35977731e-02  1.15271691e-02
 -3.71044620e-02  1.23243808e-01 -4.31654551e-01  4.03918251e-01
 -2.73046888e-01 -1.53231841e-01 -1.01407497e-01 -1.64996772e-01
  2.78239680e-01 -1.35822553e-01  1.98815494e-01  6.41599724e-01
 -6.02659221e-01  8.07465009e-01 -4.65899003e-01 -2.90050709e-01
  1.30689927e+00  1.82311878e-01  2.84490631e-01]

np.subtract (SVM1.w , SVM2.w) ==
 [ 4.36636839e-04 -3.22129315e-05  1.30278841e-04  4.00699551e-04
  4.97596726e-04  8.27414165e-05  1.03901660e-03  5.19523665e-04
  6.21943641e-05  8.54209458e-04 -1.15477118e-03 -3.26100814e-04
 -1.87556431e-03  9.52266283e-04  1.22270390e-04  3.82757400e-03
  2.10703746e-03  4.48371204e-04  5.70313831e-03  7.99372080e-05
 -5.28932449e-05  4.23922528e-04  7.07531015e-04 -8.74814721e-05
  7.54148643e-04  1.45551105e-03 -1.36623780e-04  1.66669788e-03
  1.85808653e-02 -2.12001618e-02  3.93148490e-03  8.47678076e-03
  3.04220331e-02  2.24777623e-02 -5.14829743e-03  2.07625318e-03
 -1.56235356e-02 -1.50712331e-02  1.60778467e-02 -1.82775881e-03
  2.80942323e-03  1.19032758e-03  7.88110442e-03  3.80988185e-03
  2.95474202e-03  7.94680459e-03  8.06683814e-05 -3.41930479e-05
  1.00310842e-03  4.76148569e-04  3.29004724e-04  6.93717463e-04
  8.37084338e-04  9.76421741e-03 -7.58371221e-06 -4.24852678e-06
  4.38447018e-03  2.44672382e-04  4.06687341e-04  4.40432336e-03
 -1.29159269e-03 -6.08229739e-04  7.03754946e-03  1.52000957e-03
 -3.94235251e-03  6.52411052e-03  2.81160226e-03 -3.33412277e-03
 -5.13438939e-04  1.71329637e-03  1.31006661e-03  8.06673425e-03
  3.03596280e-04  3.19865438e-04  3.72216779e-03 -1.00562492e-03
  4.74616125e-04  1.10076619e-02 -2.19935832e-04  5.88648834e-03
 -2.14266015e-02  1.96331515e-02  1.64133097e-02 -1.97726787e-02
 -1.11175852e-02 -1.14523490e-02 -9.83933159e-03 -3.35095298e-02
 -3.91941767e-02 -4.96324624e-02 -5.83453109e-03  1.27198935e-03
  5.03723407e-02  8.84747683e-03  1.12950192e-02]

Abs (SVM1.w - SVM2.w) ==
 [4.36636839e-04 3.22129315e-05 1.30278841e-04 4.00699551e-04
 4.97596726e-04 8.27414165e-05 1.03901660e-03 5.19523665e-04
 6.21943641e-05 8.54209458e-04 1.15477118e-03 3.26100814e-04
 1.87556431e-03 9.52266283e-04 1.22270390e-04 3.82757400e-03
 2.10703746e-03 4.48371204e-04 5.70313831e-03 7.99372080e-05
 5.28932449e-05 4.23922528e-04 7.07531015e-04 8.74814721e-05
 7.54148643e-04 1.45551105e-03 1.36623780e-04 1.66669788e-03
 1.85808653e-02 2.12001618e-02 3.93148490e-03 8.47678076e-03
 3.04220331e-02 2.24777623e-02 5.14829743e-03 2.07625318e-03
 1.56235356e-02 1.50712331e-02 1.60778467e-02 1.82775881e-03
 2.80942323e-03 1.19032758e-03 7.88110442e-03 3.80988185e-03
 2.95474202e-03 7.94680459e-03 8.06683814e-05 3.41930479e-05
 1.00310842e-03 4.76148569e-04 3.29004724e-04 6.93717463e-04
 8.37084338e-04 9.76421741e-03 7.58371221e-06 4.24852678e-06
 4.38447018e-03 2.44672382e-04 4.06687341e-04 4.40432336e-03
 1.29159269e-03 6.08229739e-04 7.03754946e-03 1.52000957e-03
 3.94235251e-03 6.52411052e-03 2.81160226e-03 3.33412277e-03
 5.13438939e-04 1.71329637e-03 1.31006661e-03 8.06673425e-03
 3.03596280e-04 3.19865438e-04 3.72216779e-03 1.00562492e-03
 4.74616125e-04 1.10076619e-02 2.19935832e-04 5.88648834e-03
 2.14266015e-02 1.96331515e-02 1.64133097e-02 1.97726787e-02
 1.11175852e-02 1.14523490e-02 9.83933159e-03 3.35095298e-02
 3.91941767e-02 4.96324624e-02 5.83453109e-03 1.27198935e-03
 5.03723407e-02 8.84747683e-03 1.12950192e-02]

Abs (SVM2.w - SVM1.w) ==
 [4.36636839e-04 3.22129315e-05 1.30278841e-04 4.00699551e-04
 4.97596726e-04 8.27414165e-05 1.03901660e-03 5.19523665e-04
 6.21943641e-05 8.54209458e-04 1.15477118e-03 3.26100814e-04
 1.87556431e-03 9.52266283e-04 1.22270390e-04 3.82757400e-03
 2.10703746e-03 4.48371204e-04 5.70313831e-03 7.99372080e-05
 5.28932449e-05 4.23922528e-04 7.07531015e-04 8.74814721e-05
 7.54148643e-04 1.45551105e-03 1.36623780e-04 1.66669788e-03
 1.85808653e-02 2.12001618e-02 3.93148490e-03 8.47678076e-03
 3.04220331e-02 2.24777623e-02 5.14829743e-03 2.07625318e-03
 1.56235356e-02 1.50712331e-02 1.60778467e-02 1.82775881e-03
 2.80942323e-03 1.19032758e-03 7.88110442e-03 3.80988185e-03
 2.95474202e-03 7.94680459e-03 8.06683814e-05 3.41930479e-05
 1.00310842e-03 4.76148569e-04 3.29004724e-04 6.93717463e-04
 8.37084338e-04 9.76421741e-03 7.58371221e-06 4.24852678e-06
 4.38447018e-03 2.44672382e-04 4.06687341e-04 4.40432336e-03
 1.29159269e-03 6.08229739e-04 7.03754946e-03 1.52000957e-03
 3.94235251e-03 6.52411052e-03 2.81160226e-03 3.33412277e-03
 5.13438939e-04 1.71329637e-03 1.31006661e-03 8.06673425e-03
 3.03596280e-04 3.19865438e-04 3.72216779e-03 1.00562492e-03
 4.74616125e-04 1.10076619e-02 2.19935832e-04 5.88648834e-03
 2.14266015e-02 1.96331515e-02 1.64133097e-02 1.97726787e-02
 1.11175852e-02 1.14523490e-02 9.83933159e-03 3.35095298e-02
 3.91941767e-02 4.96324624e-02 5.83453109e-03 1.27198935e-03
 5.03723407e-02 8.84747683e-03 1.12950192e-02]